1core_1prot

./build/l3fwd -l 2 -- -P -L -p 0x1 --config="(0,0,2)"

2core_1port

./build/l3fwd -l 2,4 -- -P -L -p 0x1 --config="(0,0,2),(0,1,4)"

4core_1port

./build/l3fwd -l 2,4,6,8 -- -P -L -p 0x1 --config="(0,0,2),(0,1,4),(0,2,6),(0,3,8)"

2core_2port

./build/l3fwd -l 2,4 -- -P -L -p 0x3 --config="(0,0,2),(1,0,4)"

4core_2port

./build/l3fwd -l 2,4,6,8 -- -P -L -p 0x3 --config="(0,0,2),(0,1,4),(1,0,6),(1,1,8)"

8core_2port

./build/l3fwd -l 2,4,6,8,10,12,14,16 -- -P -L -p 0x3 --config="(0,0,2),(0,1,4),(0,2,6),(0,3,8),(1,0,10),(1,1,12),(1,2,14),(1,3,16)"

3core_3port

./build/l3fwd -l 2,4,6 -- -P -L -p 0x7 --config="(0,0,2),(1,0,4),(2,0,6)"

6core_3port

./build/l3fwd -l 2,4,6,8,10,12 -- -P -L -p 0x7 --config="(0,0,2),(0,1,4),(1,0,6),(1,1,8),(2,0,10),(2,1,12)"

12core_3port

./build/l3fwd -l 2,4,6,8,10,12,14,16,18,20,22,24 -- -P -L -p 0x7 --config="(0,0,2),(0,1,4),(0,2,6),(0,3,8),(1,0,10),(1,1,12),(1,2,14),(1,3,16),(2,0,18),(2,1,20),(2,2,22),(2,3,24)"

4core_4port

./build/l3fwd -l 2,4,6,8 -- -P -L -p 0xf --config="(0,0,2),(1,0,4),(2,0,6),(3,0,8)"

8core_4port

./build/l3fwd -l 2,4,6,8,10,12,14,16 -- -P -L -p 0xf --config="(0,0,2),(0,1,4),(1,0,6),(1,1,8),(2,0,10),(2,1,12),(3,0,14),(3,1,16)"

16core_4port

./build/l3fwd -c 0x155555554 -- -P -L -p 0xf --config="(0,0,2),(0,1,4),(0,2,6),(0,3,8),(1,0,10),(1,1,12),(1,2,14),(1,3,16),(2,0,18),(2,1,20),(2,2,22),(2,3,24),(3,0,26),(3,1,28),(3,2,30),(3,3,32)"

./build/l3fwd -c 0x55555556 -- -P -L -p 0xf --config="(0,0,2),(0,1,4),(0,2,6),(0,3,8),(1,0,10),(1,1,12),(1,2,14),(1,3,16),(2,0,18),(2,1,20),(2,2,22),(2,3,24),(3,0,26),(3,1,28),(3,2,30),(3,3,1)"








